nr_tags=254
nr_reserved_tags=0
active_queues=0

bitmap_tags:
depth=254
busy=0
cleared=26
bits_per_word=32
map_nr=8
alloc_hint={225, 139, 63, 0, 184, 195, 97, 226, 215, 36, 174, 168, 69, 223, 196, 36, 41, 8, 239, 46, 149, 221, 237, 155, 185, 143, 232, 94, 112, 25, 112, 36, 201, 37, 164, 39, 225, 62, 130, 98, 110, 154, 11, 131, 18, 140, 117, 37, 27, 30, 188, 129, 121, 151, 80, 73, 207, 26, 48, 74, 31, 212, 151, 109, 155, 211, 158, 108, 184, 90, 72, 245, 139, 162, 102, 34, 11, 167, 11, 251, 167, 252, 230, 253, 17, 96, 153, 14, 154, 126, 182, 120, 78, 97, 57, 111, 221, 124, 65, 250, 36, 3, 136, 1, 147, 173, 120, 27, 27, 177, 170, 154, 172, 119, 60, 187, 183, 26, 143, 112, 93, 24, 114, 156, 71, 41, 55, 6}
wake_batch=1
wake_index=0
ws_active=0
ws={
	{.wait=inactive},
	{.wait=inactive},
	{.wait=inactive},
	{.wait=inactive},
	{.wait=inactive},
	{.wait=inactive},
	{.wait=inactive},
	{.wait=inactive},
}
round_robin=0
min_shallow_depth=1
